mean anscombe freeman square_root
0 0 0 0
0.05 0.060848259498 0.0958690484986 0.190286774501
0.1 0.118007608545 0.183903050574 0.362246869077
0.15 0.171704303715 0.264705639048 0.517428702774
0.2 0.222150436634 0.338834585791 0.657254524607
0.25 0.269544844772 0.406805316257 0.783030672002
0.3 0.31407396183 0.469094149169 0.89595698487
0.35 0.355912611872 0.526141283386 0.997135446012
0.4 0.395224751046 0.578353552188 1.08757811261
0.45 0.432164160467 0.626106963558 1.16821439797
0.5 0.466875093582 0.669749043488 1.23989775766
0.55 0.499492881118 0.709600997979 1.30341182967
0.6 0.530144496468 0.745959708105 1.35947607386
0.65 0.558949084198 0.779099571349 1.40875095228
0.7 0.586018454162 0.809274201342 1.45184268834
0.75 0.61145754352 0.836717997156 1.48930763963
0.8 0.63536484883 0.861647592406 1.52165631628
0.85 0.657832830204 0.884263193569 1.54935707402
0.9 0.678948289392 0.904749816197 1.57283950872
0.95 0.698792723532 0.923278426992 1.59249757687
1 0.717442656184 0.940006999053 1.60869246448
1.05 0.734969947148 0.955081487071 1.62175522495
1.1 0.751442082461 0.968636728643 1.63198920476
1.15 0.766922445902 0.980797277448 1.63967227438
1.2 0.781470573198 0.991678173525 1.64505888006
1.25 0.795142390072 1.00138565549 1.64838193124
1.3 0.807990435204 1.0100178192 1.64985453676
1.35 0.820064069071 1.01766522686 1.64967160224
1.4 0.831409669595 1.02441147053 1.64801129976
1.45 0.842070815466 1.03033369333 1.64503642015
1.5 0.852088457918 1.03550307175 1.6408956174
1.55 0.861501081727 1.03998526182 1.63572455386
1.6 0.870344856113 1.04384081207 1.62964695416
1.65 0.878653776199 1.04712554568 1.62277557519
1.7 0.886459795643 1.0498909142 1.61521309883
1.75 0.893792950999 1.05218432494 1.60705295378
1.8 0.900681478338 1.05404944408 1.59838007181
1.85 0.907151922628 1.0555264772 1.58927158404
1.9 0.913229240332 1.05665242913 1.57979746179
1.95 0.91893689566 1.05746134443 1.57002110642
2 0.924296950861 1.05798453015 1.55999989235
2.05 0.929330150963 1.058250762 1.54978566685
2.1 0.93405600328 1.05828647541 1.53942521005
2.15 0.938492852037 1.05811594233 1.52896065834
2.2 0.942657948411 1.05776143508 1.51842989409
2.25 0.946567516287 1.05724337797 1.50786690428
2.3 0.95023681398 1.05658048784 1.49730211051
2.35 0.953680192188 1.05578990414 1.48676267269
2.4 0.956911148419 1.05488730942 1.47627276846
2.45 0.959942378088 1.05388704095 1.46585385023
2.5 0.962785822518 1.05280219404 1.45552488165
2.55 0.965452714013 1.05164471776 1.44530255506
2.6 0.967953618212 1.05042550356 1.4352014915
2.65 0.970298473862 1.04915446736 1.42523442457
2.7 0.972496630196 1.04784062553 1.41541236945
2.75 0.974556882046 1.04649216523 1.40574477828
2.8 0.976487502841 1.04511650961 1.39623968286
2.85 0.978296275616 1.04372037807 1.38690382581
2.9 0.979990522152 1.04230984209 1.37774278099
2.95 0.981577130367 1.0408903769 1.36876106406
3 0.98306258006 1.03946690933 1.35996223394
3.05 0.984452967115 1.03804386197 1.35134898594
3.1 0.98575402625 1.03662519422 1.34292323714
3.15 0.986971152408 1.03521444003 1.33468620467
3.2 0.988109420866 1.03381474304 1.32663847745
3.25 0.989173606149 1.03242888888 1.3187800819
3.3 0.990168199807 1.03105933515 1.31111054211
3.35 0.991097427142 1.02970823909 1.30362893484
3.4 0.991965262935 1.02837748317 1.29633393989
3.45 0.992775446231 1.02706869868 1.28922388608
3.5 0.99353149426 1.02578328758 1.28229679324
3.55 0.994236715515 1.02452244266 1.27555041054
3.6 0.994894222069 1.02328716612 1.26898225146
3.65 0.995506941151 1.02207828676 1.26258962558
3.7 0.99607762604 1.02089647578 1.25636966761
3.75 0.99660886632 1.01974226142 1.25031936369
3.8 0.997103097516 1.01861604237 1.24443557531
3.85 0.997562610174 1.01751810022 1.23871506105
3.9 0.997989558397 1.01644861084 1.23315449619
3.95 0.998385967876 1.01540765492 1.22775049052
4 0.998753743456 1.0143952276 1.2224996044
4.05 0.999094676248 1.01341124739 1.21739836318
4.1 0.999410450321 1.01245556434 1.21244327031
4.15 0.999702649011 1.01152796752 1.20763081896
4.2 0.999972760847 1.01062819192 1.20295750252
4.25 1.00022218513 1.00975592477 1.19841982396
4.3 1.0004522372 1.00891081129 1.19401430417
4.35 1.00066415337 1.00809246002 1.18973748932
4.4 1.00085909557 1.00730044766 1.18558595745
4.45 1.00103815576 1.00653432348 1.18155632419
4.5 1.00120236003 1.00579361335 1.17764524781
4.55 1.00135267248 1.00507782346 1.17384943365
4.6 1.00148999891 1.00438644365 1.17016563786
4.65 1.00161519019 1.00371895046 1.1665906707
4.7 1.0017290456 1.00307480991 1.16312139929
4.75 1.00183231578 1.00245348 1.15975474993
4.8 1.00192570566 1.00185441299 1.15648771003
4.85 1.00200987714 1.00127705744 1.15331732962
4.9 1.00208545166 1.0007208601 1.15024072259
4.95 1.00215301256 1.00018526752 1.14725506761
5 1.00221310735 0.999669727572 1.14435760874
5.05 1.00226624983 0.999173690792 1.14154565585
5.1 1.00231292212 0.998696611557 1.13881658478
5.15 1.00235357649 0.998237949142 1.13616783736
5.2 1.00238863715 0.997797168666 1.13359692117
5.25 1.00241850196 0.997373741903 1.13110140922
5.3 1.00244354392 0.996967148014 1.12867893943
5.35 1.00246411274 0.996576874166 1.12632721405
5.4 1.00248053614 0.996202416078 1.12404399895
5.45 1.00249312123 0.995843278483 1.12182712275
5.5 1.00250215572 0.995498975518 1.11967447598
5.55 1.00250790907 0.99516903105 1.11758401006
5.6 1.00251063359 0.994852978946 1.11555373634
5.65 1.00251056549 0.994550363282 1.11358172494
5.7 1.0025079258 0.994260738511 1.11166610367
5.75 1.00250292135 0.993983669579 1.10980505688
5.8 1.00249574555 0.993718732006 1.10799682423
5.85 1.00248657926 0.993465511931 1.10623969951
5.9 1.00247559153 0.99322360612 1.10453202939
5.95 1.00246294031 0.992992621953 1.10287221219
6 1.00244877313 0.99277217737 1.10125869663
6.05 1.00243322771 0.992561900815 1.09968998058
6.1 1.00241643262 0.992361431136 1.0981646098
6.15 1.00239850775 0.992170417486 1.0966811767
6.2 1.00237956493 0.991988519197 1.09523831909
6.25 1.00235970836 0.991815405641 1.09383471897
6.3 1.00233903511 0.991650756081 1.09246910129
6.35 1.00231763554 0.991494259512 1.09114023275
6.4 1.00229559375 0.991345614488 1.0898469206
6.45 1.00227298792 0.991204528946 1.08858801149
6.5 1.00224989072 0.99107072002 1.0873623903
6.55 1.00222636963 0.990943913853 1.08616897902
6.6 1.00220248727 0.990823845403 1.08500673559
6.65 1.0021783017 0.990710258243 1.08387465288
6.7 1.00215386673 0.990602904362 1.08277175755
6.75 1.00212923214 0.990501543966 1.08169710907
6.8 1.00210444399 0.99040594527 1.08064979861
6.85 1.00207954484 0.990315884299 1.07962894814
6.9 1.00205457394 0.990231144682 1.07863370935
6.95 1.00202956748 0.990151517451 1.07766326278
7 1.00200455878 0.990076800842 1.07671681684
7.05 1.00197957847 0.99000680009 1.07579360693
7.1 1.00195465466 0.989941327236 1.07489289455
7.15 1.00192981311 0.989880200929 1.07401396641
7.2 1.0019050774 0.989823246234 1.07315613366
7.25 1.00188046904 0.989770294444 1.07231873103
7.3 1.00185600763 0.989721182888 1.07150111605
7.35 1.00183171099 0.989675754751 1.07070266829
7.4 1.00180759527 0.989633858891 1.0699227886
7.45 1.00178367506 0.989595349665 1.06916089843
7.5 1.00175996351 0.989560086753 1.06841643907
7.55 1.00173647242 0.989527934989 1.06768887103
7.6 1.00171321233 0.989498764192 1.06697767333
7.65 1.00169019261 0.989472449011 1.0662823429
7.7 1.00166742155 0.989448868759 1.06560239395
7.75 1.00164490642 0.989427907262 1.06493735735
7.8 1.00162265355 0.989409452707 1.06428678011
7.85 1.00160066842 0.989393397498 1.06365022474
7.9 1.00157895569 0.98937963811 1.06302726876
7.95 1.00155751926 0.98936807495 1.06241750418
8 1.00153636235 0.989358612224 1.06182053696
8.05 1.00151548755 0.989351157804 1.06123598653
8.1 1.00149489684 0.989345623099 1.06066348533
8.15 1.00147459166 0.989341922935 1.06010267834
8.2 1.00145457295 0.98933997543 1.05955322265
8.25 1.00143484118 0.98933970188 1.05901478699
8.3 1.0014153964 0.989341026645 1.05848705138
8.35 1.00139623827 0.989343877039 1.05796970669
8.4 1.00137736608 0.989348183225 1.05746245425
8.45 1.00135877881 0.98935387811 1.0569650055
8.5 1.00134047512 0.989360897245 1.05647708162
8.55 1.00132245341 0.989369178731 1.05599841319
8.6 1.00130471183 0.989378663124 1.05552873985
8.65 1.0012872483 0.989389293344 1.05506780995
8.7 1.00127006054 0.989401014588 1.05461538031
8.75 1.00125314609 0.989413774248 1.05417121583
8.8 1.00123650232 0.989427521824 1.05373508928
8.85 1.00122012645 0.989442208849 1.05330678097
8.9 1.00120401557 0.989457788814 1.0528860785
8.95 1.00118816666 0.989474217089 1.05247277648
9 1.00117257659 0.989491450857 1.05206667632
9.05 1.00115724215 0.989509449045 1.05166758594
9.1 1.00114216003 0.989528172252 1.05127531957
9.15 1.00112732688 0.989547582694 1.05088969752
9.2 1.00111273929 0.989567644135 1.05051054595
9.25 1.00109839379 0.989588321831 1.05013769667
9.3 1.00108428689 0.989609582471 1.04977098695
9.35 1.00107041504 0.989631394126 1.04941025929
9.4 1.00105677471 0.989653726187 1.0490553613
9.45 1.00104336233 0.989676549324 1.04870614543
9.5 1.00103017432 0.989699835428 1.04836246888
9.55 1.00101720711 0.98972355757 1.04802419338
9.6 1.00100445713 0.989747689947 1.04769118505
9.65 1.0009919208 0.989772207848 1.04736331424
9.7 1.00097959458 0.989797087602 1.0470404554
9.75 1.00096747493 0.989822306544 1.04672248688
9.8 1.00095555833 0.989847842969 1.04640929087
9.85 1.00094384129 0.9898736761 1.0461007532
9.9 1.00093232034 0.989899786048 1.04579676323
9.95 1.00092099204 0.989926153777 1.04549721377
10 1.000909853 0.989952761072 1.04520200087
10.05 1.00089889984 0.989979590503 1.04491102381
10.1 1.00088812923 0.990006625397 1.04462418491
10.15 1.00087753786 0.990033849806 1.04434138945
10.2 1.00086712249 0.990061248478 1.04406254556
10.25 1.00085687989 0.99008880683 1.04378756416
10.3 1.0008468069 0.990116510921 1.0435163588
10.35 1.00083690039 0.990144347425 1.04324884563
10.4 1.00082715726 0.990172303606 1.04298494324
10.45 1.00081757448 0.990200367298 1.04272457267
10.5 1.00080814906 0.990228526875 1.04246765723
10.55 1.00079887803 0.990256771237 1.04221412249
10.6 1.00078975851 0.990285089783 1.04196389617
10.65 1.00078078764 0.990313472391 1.04171690809
10.7 1.00077196259 0.990341909403 1.04147309007
10.75 1.00076328063 0.9903703916 1.04123237587
10.8 1.00075473902 0.99039891019 1.04099470115
10.85 1.0007463351 0.990427456785 1.04076000339
10.9 1.00073806626 0.990456023388 1.0405282218
10.95 1.00072992991 0.990484602377 1.04029929732
11 1.00072192352 0.990513186486 1.0400731725
11.05 1.00071404463 0.990541768795 1.03984979151
11.1 1.00070629079 0.990570342713 1.03962910002
11.15 1.0006986596 0.990598901965 1.03941104522
11.2 1.00069114873 0.990627440577 1.0391955757
11.25 1.00068375588 0.990655952868 1.03898264147
11.3 1.00067647879 0.990684433434 1.03877219384
11.35 1.00066931524 0.990712877136 1.03856418547
11.4 1.00066226307 0.990741279093 1.03835857023
11.45 1.00065532014 0.990769634668 1.03815530324
11.5 1.00064848438 0.990797939457 1.03795434077
11.55 1.00064175374 0.990826189283 1.03775564025
11.6 1.00063512622 0.990854380183 1.0375591602
11.65 1.00062859985 0.9908825084 1.0373648602
11.7 1.00062217271 0.990910570375 1.03717270089
11.75 1.00061584291 0.990938562737 1.03698264388
11.8 1.00060960862 0.990966482298 1.03679465176
11.85 1.00060346802 0.990994326043 1.03660868808
11.9 1.00059741934 0.991022091121 1.03642471726
11.95 1.00059146085 0.991049774843 1.03624270462
12 1.00058559084 0.991077374669 1.03606261635
12.05 1.00057980766 0.991104888207 1.03588441945
12.1 1.00057410967 0.991132313203 1.03570808171
12.15 1.00056849527 0.991159647539 1.03553357172
12.2 1.00056296291 0.991186889221 1.03536085881
12.25 1.00055751106 0.99121403638 1.03518991306
12.3 1.00055213821 0.991241087262 1.03502070522
12.35 1.00054684291 0.991268040225 1.03485320677
12.4 1.0005416237 0.991294893736 1.03468738984
12.45 1.0005364792 0.991321646362 1.0345232272
12.5 1.00053140801 0.991348296768 1.03436069225
12.55 1.0005264088 0.991374843714 1.03419975901
12.6 1.00052148024 0.991401286047 1.03404040208
12.65 1.00051662104 0.991427622702 1.03388259665
12.7 1.00051182994 0.991453852693 1.03372631845
12.75 1.0005071057 0.991479975115 1.03357154376
12.8 1.00050244711 0.991505989134 1.03341824939
12.85 1.00049785297 0.991531893991 1.03326641264
12.9 1.00049332213 0.991557688991 1.03311601134
12.95 1.00048885346 0.991583373508 1.03296702378
13 1.00048444582 0.991608946974 1.03281942872
13.05 1.00048009815 0.991634408883 1.03267320538
13.1 1.00047580936 0.991659758785 1.03252833342
13.15 1.00047157842 0.991684996283 1.03238479294
13.2 1.00046740429 0.991710121031 1.03224256445
13.25 1.00046328599 0.991735132735 1.03210162887
13.3 1.00045922252 0.991760031143 1.03196196751
13.35 1.00045521292 0.991784816052 1.03182356207
13.4 1.00045125626 0.991809487299 1.03168639463
13.45 1.00044735161 0.991834044762 1.03155044764
13.5 1.00044349807 0.991858488357 1.03141570388
13.55 1.00043969477 0.991882818039 1.0312821465
13.6 1.00043594082 0.991907033794 1.03114975899
13.65 1.00043223539 0.991931135646 1.03101852513
13.7 1.00042857764 0.991955123646 1.03088842907
13.75 1.00042496676 0.991978997879 1.03075945524
13.8 1.00042140196 0.992002758455 1.03063158838
13.85 1.00041788245 0.992026405515 1.03050481352
13.9 1.00041440748 0.992049939222 1.03037911599
13.95 1.00041097628 0.992073359766 1.03025448139
14 1.00040758814 0.992096667359 1.03013089561
14.05 1.00040424232 0.992119862237 1.03000834477
14.1 1.00040093814 0.992142944655 1.0298868153
14.15 1.00039767489 0.992165914888 1.02976629383
14.2 1.0003944519 0.992188773231 1.02964676728
14.25 1.00039126851 0.992211519994 1.0295282228
14.3 1.00038812407 0.992234155508 1.02941064776
14.35 1.00038501794 0.992256680117 1.02929402977
14.4 1.00038194951 0.99227909418 1.02917835667
14.45 1.00037891815 0.99230139807 1.02906361651
14.5 1.00037592328 0.992323592177 1.02894979755
14.55 1.0003729643 0.992345676898 1.02883688828
14.6 1.00037004064 0.992367652645 1.02872487736
14.65 1.00036715173 0.992389519842 1.02861375368
14.7 1.00036429703 0.992411278921 1.0285035063
14.75 1.00036147599 0.992432930326 1.02839412449
14.8 1.00035868807 0.992454474508 1.02828559768
14.85 1.00035593276 0.992475911929 1.02817791552
14.9 1.00035320955 0.992497243057 1.0280710678
14.95 1.00035051793 0.992518468368 1.0279650445
15 1.00034785742 0.992539588347 1.02785983575
15.05 1.00034522753 0.992560603482 1.02775543189
15.1 1.00034262778 0.992581514269 1.02765182337
15.15 1.00034005773 0.99260232121 1.02754900082
15.2 1.0003375169 0.992623024811 1.02744695504
15.25 1.00033500485 0.992643625584 1.02734567695
15.3 1.00033252115 0.992664124044 1.02724515764
15.35 1.00033006537 0.992684520711 1.02714538835
15.4 1.00032763709 0.992704816107 1.02704636043
15.45 1.00032523588 0.992725010759 1.0269480654
15.5 1.00032286135 0.992745105196 1.0268504949
15.55 1.0003205131 0.992765099951 1.02675364071
15.6 1.00031819073 0.992784995556 1.02665749473
15.65 1.00031589387 0.99280479255 1.026562049
15.7 1.00031362213 0.992824491468 1.02646729568
15.75 1.00031137515 0.992844092852 1.02637322705
15.8 1.00030915257 0.992863597241 1.02627983551
15.85 1.00030695402 0.992883005178 1.02618711358
15.9 1.00030477916 0.992902317205 1.02609505388
15.95 1.00030262765 0.992921533865 1.02600364916
16 1.00030049914 0.992940655701 1.02591289229
16.05 1.00029839331 0.992959683258 1.02582277621
16.1 1.00029630984 0.992978617079 1.025733294
16.15 1.00029424839 0.992997457707 1.02564443882
16.2 1.00029220867 0.993016205686 1.02555620396
16.25 1.00029019036 0.993034861558 1.02546858279
16.3 1.00028819315 0.993053425866 1.02538156877
16.35 1.00028621676 0.99307189915 1.02529515548
16.4 1.00028426089 0.993090281951 1.02520933657
16.45 1.00028232525 0.993108574809 1.0251241058
16.5 1.00028040956 0.993126778261 1.025039457
16.55 1.00027851355 0.993144892844 1.02495538412
16.6 1.00027663694 0.993162919094 1.02487188117
16.65 1.00027477947 0.993180857544 1.02478894226
16.7 1.00027294087 0.993198708728 1.02470656157
16.75 1.00027112089 0.993216473174 1.02462473337
16.8 1.00026931927 0.993234151413 1.02454345202
16.85 1.00026753576 0.993251743971 1.02446271195
16.9 1.00026577011 0.993269251374 1.02438250766
16.95 1.0002640221 0.993286674143 1.02430283374
17 1.00026229147 0.993304012801 1.02422368484
17.05 1.000260578 0.993321267866 1.02414505571
17.1 1.00025888146 0.993338439855 1.02406694114
17.15 1.00025720162 0.993355529281 1.02398933602
17.2 1.00025553826 0.993372536657 1.02391223529
17.25 1.00025389117 0.993389462493 1.02383563396
17.3 1.00025226013 0.993406307295 1.02375952711
17.35 1.00025064492 0.993423071568 1.02368390991
17.4 1.00024904535 0.993439755814 1.02360877755
17.45 1.00024746121 0.993456360534 1.02353412531
17.5 1.0002458923 0.993472886224 1.02345994854
17.55 1.00024433842 0.993489333378 1.02338624264
17.6 1.00024279938 0.993505702489 1.02331300306
17.65 1.00024127498 0.993521994046 1.02324022534
17.7 1.00023976505 0.993538208534 1.02316790504
17.75 1.00023826939 0.993554346437 1.02309603781
17.8 1.00023678783 0.993570408238 1.02302461935
17.85 1.00023532018 0.993586394413 1.0229536454
17.9 1.00023386627 0.993602305438 1.02288311176
17.95 1.00023242593 0.993618141786 1.0228130143
18 1.00023099899 0.993633903926 1.02274334893
18.05 1.00022958527 0.993649592326 1.02267411161
18.1 1.00022818462 0.99366520745 1.02260529835
18.15 1.00022679687 0.993680749758 1.02253690523
18.2 1.00022542187 0.99369621971 1.02246892835
18.25 1.00022405945 0.99371161776 1.02240136388
18.3 1.00022270946 0.993726944362 1.02233420803
18.35 1.00022137174 0.993742199965 1.02226745705
18.4 1.00022004616 0.993757385017 1.02220110727
18.45 1.00021873255 0.993772499961 1.02213515501
18.5 1.00021743078 0.993787545239 1.02206959669
18.55 1.0002161407 0.993802521288 1.02200442873
18.6 1.00021486217 0.993817428545 1.02193964763
18.65 1.00021359505 0.993832267442 1.02187524991
18.7 1.00021233921 0.993847038408 1.02181123213
18.75 1.00021109451 0.993861741871 1.02174759091
18.8 1.00020986081 0.993876378255 1.0216843229
18.85 1.00020863799 0.993890947979 1.0216214248
18.9 1.00020742591 0.993905451464 1.02155889332
18.95 1.00020622446 0.993919889124 1.02149672524
19 1.0002050335 0.993934261372 1.02143491737
19.05 1.00020385292 0.993948568617 1.02137346656
19.1 1.00020268259 0.993962811267 1.02131236968
19.15 1.00020152238 0.993976989725 1.02125162367
19.2 1.0002003722 0.993991104394 1.02119122547
19.25 1.00019923191 0.994005155671 1.02113117207
19.3 1.0001981014 0.994019143952 1.02107146051
19.35 1.00019698056 0.994033069631 1.02101208785
19.4 1.00019586929 0.994046933097 1.02095305117
19.45 1.00019476746 0.994060734739 1.02089434762
19.5 1.00019367498 0.99407447494 1.02083597435
19.55 1.00019259174 0.994088154083 1.02077792856
19.6 1.00019151762 0.994101772547 1.02072020747
19.65 1.00019045254 0.99411533071 1.02066280835
19.7 1.00018939638 0.994128828944 1.02060572848
19.75 1.00018834904 0.994142267621 1.02054896519
19.8 1.00018731043 0.99415564711 1.02049251582
19.85 1.00018628046 0.994168967777 1.02043637775
19.9 1.00018525901 0.994182229985 1.0203805484
19.95 1.00018424601 0.994195434095 1.02032502521
20 1.00018324135 0.994208580466 1.02026980564
